my.point.lon=116.409363
my.point.lat=39.91513
